64
32
9
 3 8 15 17 61 0 0 0 0
 40 42 48 59 61 62 0 0 0
 29 35 52 56 0 0 0 0 0
 17 28 32 37 54 0 0 0 0
 7 20 36 41 43 57 0 0 0
 3 11 24 40 45 53 0 0 0
 20 26 30 33 37 62 0 0 0
 5 9 23 26 47 49 57 0 0
 12 14 22 32 35 39 0 0 0
 19 23 27 42 46 0 0 0 0
 8 21 26 43 50 55 0 0 0
 7 21 28 49 53 56 0 0 0
 7 12 18 40 44 47 0 0 0
 8 19 32 58 64 0 0 0 0
 13 24 27 31 61 0 0 0 0
 18 23 29 51 0 0 0 0 0
 4 16 25 36 50 62 0 0 0
 11 27 34 39 0 0 0 0 0
 2 9 10 22 34 48 54 0 0
 13 38 47 54 58 60 0 0 0
 1 15 22 38 41 42 51 63 0
 2 28 30 35 45 46 0 0 0
 6 9 44 50 51 52 0 0 0
 5 25 34 44 63 0 0 0 0
 4 11 14 18 33 55 57 0 0
 10 43 46 58 59 0 0 0 0
 6 10 31 33 36 38 56 0 0
 12 15 25 29 31 37 53 0 0
 6 13 16 39 41 45 55 59 0
 1 19 20 48 49 60 0 0 0
 1 2 4 5 17 21 24 52 64
 3 14 16 30 60 63 64 0 0
