512
256
8
 40 48 161 181 211 306 0 0
 62 80 110 146 192 369 0 0
 55 397 414 456 499 0 0 0
 64 102 154 275 316 509 0 0
 7 8 24 92 313 449 0 0
 9 39 63 170 243 360 0 0
 9 62 78 422 471 507 0 0
 164 179 312 350 429 484 0 0
 38 114 145 170 267 316 0 0
 22 70 192 202 203 210 0 0
 55 157 208 468 486 511 0 0
 30 89 184 271 286 440 0 0
 8 94 95 194 385 466 0 0
 158 215 240 245 454 498 0 0
 15 106 314 320 350 430 0 0
 36 166 169 212 294 445 0 0
 173 244 288 302 304 349 0 0
 18 157 216 280 336 360 0 0
 169 261 328 370 384 511 0 0
 26 52 103 167 411 416 0 0
 43 85 91 176 328 493 0 0
 25 105 117 195 196 463 0 0
 104 105 225 315 329 0 0 0
 12 57 87 394 449 468 0 0
 25 96 255 259 341 414 0 0
 22 42 259 282 384 435 0 0
 117 160 214 278 443 0 0 0
 251 271 355 458 489 506 0 0
 47 99 399 401 460 0 0 0
 47 131 172 175 185 497 0 0
 27 178 179 403 424 440 0 0
 49 86 141 262 290 489 0 0
 74 77 226 283 362 428 0 0
 88 120 182 200 210 288 0 0
 16 53 193 274 396 429 432 472
 76 191 216 403 448 451 0 0
 34 112 131 147 177 303 413 0
 57 58 308 421 504 0 0 0
 118 149 348 393 487 0 0 0
 24 108 220 312 443 509 0 0
 132 224 257 262 324 0 0 0
 56 238 252 351 406 461 0 0
 88 144 373 388 410 416 0 0
 90 109 239 306 336 382 0 0
 38 64 108 183 396 440 0 0
 120 142 174 240 438 476 0 0
 10 285 325 326 344 432 0 0
 83 347 352 364 442 465 0 0
 141 169 276 332 419 512 0 0
 91 348 356 407 435 451 0 0
 73 185 287 334 366 412 0 0
 208 363 366 386 424 0 0 0
 35 123 185 296 365 510 0 0
 27 129 147 325 353 453 0 0
 61 115 234 332 359 0 0 0
 66 92 100 140 218 282 493 0
 119 172 197 309 348 449 0 0
 111 138 483 503 508 0 0 0
 85 86 119 137 240 306 359 0
 80 82 115 160 266 382 0 0
 138 209 241 300 325 433 452 0
 198 231 380 463 469 479 0 0
 26 93 223 426 472 478 0 0
 281 292 327 379 439 477 0 0
 63 195 278 307 470 489 0 0
 136 168 455 466 491 0 0 0
 116 187 192 259 322 413 0 0
 221 226 247 254 452 467 0 0
 4 132 229 281 289 368 0 0
 13 28 107 118 230 387 0 0
 104 201 204 351 372 428 0 0
 118 296 358 420 462 0 0 0
 10 19 139 155 165 305 0 0
 143 212 246 248 258 331 450 0
 35 56 58 153 239 338 442 0
 15 54 114 217 235 467 0 0
 48 82 85 132 245 371 437 0
 73 141 147 373 429 505 0 0
 119 269 286 414 479 0 0 0
 35 65 272 356 367 391 0 0
 106 159 398 419 0 0 0 0
 68 243 380 401 415 457 498 0
 36 45 78 189 279 293 481 0
 256 266 343 392 498 502 0 0
 84 122 140 305 329 339 0 0
 1 130 297 320 374 438 0 0
 38 171 252 399 450 494 0 0
 13 54 245 267 335 342 0 0
 43 222 251 393 415 499 0 0
 74 183 268 431 446 483 0 0
 64 87 112 460 465 475 0 0
 61 214 291 314 322 486 0 0
 75 101 257 443 495 502 0 0
 25 154 323 363 425 459 0 0
 36 290 344 354 365 444 0 0
 37 123 376 420 424 461 0 0
 51 94 142 165 343 494 0 0
 230 247 399 400 482 0 0 0
 10 75 159 309 367 401 0 0
 44 59 134 180 304 310 336 490
 131 176 191 288 363 490 0 0
 174 227 277 323 470 496 0 0
 20 235 315 334 444 447 0 0
 29 41 159 190 264 357 0 0
 40 146 151 220 451 502 0 0
 8 124 225 253 366 387 0 0
 23 135 148 189 201 271 374 0
 34 170 197 203 262 278 0 0
 234 241 261 263 320 478 0 0
 41 130 273 339 411 478 0 0
 53 86 113 270 384 474 0 0
 67 188 337 389 422 473 0 0
 97 250 314 323 368 473 0 0
 5 45 261 455 482 0 0 0
 47 56 67 127 228 405 439 0
 2 30 43 372 390 421 0 0
 104 199 256 265 395 474 0 0
 11 55 87 93 283 402 0 0
 51 197 312 389 418 499 0 0
 83 93 120 208 222 447 0 0
 58 111 177 233 484 0 0 0
 136 149 171 189 330 369 0 0
 73 156 228 436 450 455 0 0
 60 154 241 318 329 423 0 0
 11 14 116 330 395 437 0 0
 66 102 163 217 292 506 0 0
 14 34 155 213 346 504 0 0
 235 265 292 294 297 331 0 0
 143 300 327 364 380 398 0 0
 20 29 209 214 319 352 0 0
 78 182 232 381 427 447 506 0
 49 152 181 316 397 453 0 0
 52 65 337 383 405 508 0 0
 114 272 342 376 456 0 0 0
 212 274 418 460 492 505 0 0
 211 230 280 302 340 435 0 0
 88 146 204 406 457 462 0 0
 28 143 188 326 355 404 0 0
 21 243 308 408 479 0 0 0
 103 174 317 321 357 486 0 0
 12 129 144 368 434 477 0 0
 77 127 140 313 341 387 0 0
 127 152 242 338 433 0 0 0
 113 129 246 284 301 487 0 0
 12 163 191 301 339 427 0 0
 213 246 268 289 299 503 0 0
 2 4 105 233 295 510 0 0
 17 82 125 155 171 345 0 0
 1 42 148 298 432 448 0 0
 180 307 362 423 425 507 0 0
 41 65 145 199 318 408 437 0
 15 164 260 378 400 471 0 0
 108 238 258 319 337 378 0 0
 3 39 76 213 324 417 0 0
 122 137 166 284 344 474 0 0
 26 59 81 190 200 286 0 0
 264 279 381 501 0 0 0 0
 22 28 53 322 333 501 0 0
 142 151 161 252 273 333 0 0
 66 96 158 324 353 354 0 0
 24 69 98 196 275 394 409 422
 6 238 349 353 448 495 0 0
 303 350 361 373 452 464 0 0
 90 256 270 388 454 472 0 0
 167 173 202 229 386 0 0 0
 9 50 83 341 419 483 0 0
 5 84 236 397 403 495 509 0
 232 247 249 310 331 466 0 0
 37 207 254 265 279 402 410 0
 99 135 283 347 377 461 0 0
 52 166 206 207 361 371 446 0
 29 31 106 117 128 172 464 0
 37 150 158 168 375 423 0 0
 18 97 242 383 487 488 0 0
 79 116 219 260 340 410 0 0
 11 33 39 176 441 511 0 0
 138 276 342 420 421 485 0 0
 150 253 304 318 377 469 0 0
 18 263 267 392 457 494 0 0
 21 60 95 144 153 205 0 0
 68 133 224 254 307 484 0 0
 32 113 161 298 434 456 0 0
 63 72 122 178 215 488 0 0
 187 233 300 379 430 459 0 0
 50 95 110 196 203 441 0 0
 89 151 223 248 297 395 0 0
 128 136 188 229 321 365 497 0
 183 291 345 375 476 0 0 0
 76 125 217 370 416 480 0 0
 91 200 231 431 441 473 0 0
 16 27 128 152 244 358 402 0
 70 107 190 237 263 444 0 0
 110 165 232 257 298 470 0 0
 249 255 284 346 364 376 0 0
 68 121 242 280 475 512 0 0
 45 94 103 107 115 340 0 0
 51 54 81 145 289 406 0 0
 99 109 351 392 436 471 0 0
 69 121 148 167 231 295 303 0
 274 277 379 385 508 0 0 0
 30 97 195 417 500 0 0 0
 198 270 282 296 310 385 0 0
 81 163 201 349 409 417 0 0
 5 13 44 71 72 149 194 0
 77 150 222 345 412 512 0 0
 14 134 162 302 369 381 0 0
 124 218 220 354 375 391 0 0
 31 139 186 205 237 326 0 0
 48 69 124 173 272 468 0 0
 219 236 285 335 462 491 0 0
 198 294 305 405 412 428 0 0
 71 130 216 285 407 434 0 0
 75 218 244 301 357 510 0 0
 6 62 206 273 299 330 0 0
 79 209 281 404 413 426 0 0
 90 153 162 253 372 431 467 0
 23 228 321 338 445 501 0 0
 102 111 133 377 390 408 0 0
 211 311 361 427 433 453 0 0
 46 202 268 371 393 476 0 0
 160 207 290 359 459 463 0 0
 156 255 277 356 505 507 0 0
 6 70 109 193 426 439 0 0
 84 121 134 239 308 378 0 0
 7 42 50 260 396 475 0 0
 164 204 291 394 442 480 0 0
 3 287 293 309 360 477 0 0
 59 71 215 311 481 504 0 0
 2 162 175 221 347 362 0 0
 19 44 219 295 355 358 0 0
 16 133 319 488 496 0 0 0
 40 287 383 480 493 503 0 0
 60 126 194 313 465 491 0 0
 20 32 180 221 237 382 0 0
 135 182 186 415 492 0 0 0
 67 80 156 184 225 454 0 0
 46 57 250 335 374 458 0 0
 1 17 269 352 485 500 0 0
 157 168 299 333 411 464 0 0
 32 89 179 391 400 496 0 0
 7 33 100 186 418 425 0 0
 17 193 199 248 386 481 0 0
 100 184 187 236 317 485 0 0
 74 139 206 227 315 388 0 0
 23 31 72 79 276 482 0 0
 112 205 234 249 343 458 0 0
 96 98 175 264 328 389 0 0
 33 98 258 293 490 500 0 0
 46 223 226 407 409 436 0 0
 4 61 125 178 275 327 0 0
 19 49 126 210 227 445 0 0
 137 251 317 346 404 446 0 0
 21 92 250 367 398 469 0 0
 177 266 370 430 492 497 0 0
 101 181 224 269 311 334 438 0
 3 101 123 126 332 390 0 0
